CycleGAN_V6 = 80.97722

CycleGAN_V8 = 69.98891